~2
00000000 00000000 00000000 00000010
11111111 11111111 11111111 11111101
11111111 11111111 11111111 11111100
10000000 00000000 00000000 00000011
-3

13&7
00000000 00000000 00000000 00001101
00000000 00000000 00000000 00000111
00000000 00000000 00000000 00000101
5

5|4
00000000 00000000 00000000 00000101
00000000 00000000 00000000 00000100
00000000 00000000 00000000 00000101
5

-3^3
10000000 00000000 00000000 00000011
11111111 11111111 11111111 11111100
11111111 11111111 11111111 11111101
00000000 00000000 00000000 00000011
11111111 11111111 11111111 11111110
11111111 11111111 11111111 11111101
10000000 00000000 00000000 00000010
-2

1<<2
00000000 00000000 00000000 00000100
4

-5>>5
10000000 00000000 00000000 00000101
11111111 11111111 11111111 11111010
11111111 11111111 11111111 11111011
11111111 11111111 11111111 11111111
11111111 11111111 11111111 11111110
10000000 00000000 00000000 00000001
-16

-6<<5
10000000 00000000 00000000 00000110
11111111 11111111 11111111 11111001
11111111 11111111 11111111 11111010
11111111 11111111 11111111 01000000
11111111 11111111 11111111 00111111
10000000 00000000 00000000 11000000
-192

-7>>6
10000000 00000000 00000000 00000111
11111111 11111111 11111111 11111000
11111111 11111111 11111111 11111001
11111111 11111111 11111111 11111111
11111111 11111111 11111111 11111110
10000000 00000000 00000000 00000001
-1

6|5  6&5 6^5  ~6  6<<5 6>>5

00000000 00000000 00000000 00000101
00000000 00000000 00000000 00000111
00000000 00000000 00000000 00000100
00000000 00000000 00000000 00000011
11111111 11111111 11111111 11111000
10000000 00000000 00000000 00000111
00000000 00000000 00000000 11000000
00000000 00000000 00000000 00000000
7 4  3 -7  192 0

-6|5  -6&5 -6^5 ~-6 -6<<5 -6>>5
10000000 00000000 00000000 00000110
11111111 11111111 11111111 11111001
11111111 11111111 11111111 11111010
00000000 00000000 00000000 00000101
11111111 11111111 11111111 11111111
11111111 11111111 11111111 11111110
10000000 00000000 00000000 00000001
11111111 11111111 11111111 11111110
10000000 00000000 00000000 00000001
00000000 00000000 00000000 00000101
11111111 11111111 11111111 00111111
10000000 00000000 00000000 11000000
11111111 11111111 11111111 11111110
10000000 00000000 00000000 00000001
-1 0 -1 5 -192 -1

[5,9,6,1,8]
[5,9,9,1,8]
0+1=1


1 2 3 4 5.5 6 
5.5

1 2 3
4 5 6

1 4
2 5
3 6

11111111
2*1+2*10+2*100